0.000571629407083877
0.0
0.0006072400601677935
0.0
0.0006799727146948964
0.0
0.0007931984920632006
0.0
0.0009504143565086807
0.0
0.0011552763522632223
0.0
0.0014116444698823668
0.0
0.0017236423229157892
0.0
0.0020957358594378885
0.0
0.002532836795579855
0.0
0.0030404385355321316
0.0
0.003624795334777124
0.0
0.004293159840172742
0.0
0.005054100650732975
0.0
0.0059179314059653425
0.0
0.0068972981567498
0.0
0.008007995881539961
0.0
0.009270124088506738
0.0
0.010709756581248809
0.0
0.012361412509335026
0.0
0.014271815563666046
0.0
0.016505799129546944
0.0
0.019155937602773763
0.0
0.022358971363934194
0.0
0.026325364956395713
0.0
0.031396140608660236
0.0
0.038161699735415125
0.0
0.04773905655005687
0.0
0.06252430615079933
0.0
0.08875098132331101
0.0
0.14928177550647517
0.0
0.44990075033351234
0.7071067811865476
-0.44990075033351234
0.0
-0.14928177550647517
0.0
-0.08875098132331101
0.0
-0.06252430615079933
0.0
-0.04773905655005687
0.0
-0.038161699735415125
0.0
-0.031396140608660236
0.0
-0.026325364956395713
0.0
-0.022358971363934194
0.0
-0.019155937602773763
0.0
-0.016505799129546944
0.0
-0.014271815563666046
0.0
-0.012361412509335026
0.0
-0.010709756581248809
0.0
-0.009270124088506738
0.0
-0.008007995881539961
0.0
-0.0068972981567498
0.0
-0.0059179314059653425
0.0
-0.005054100650732975
0.0
-0.004293159840172742
0.0
-0.003624795334777124
0.0
-0.0030404385355321316
0.0
-0.002532836795579855
0.0
-0.0020957358594378885
0.0
-0.0017236423229157892
0.0
-0.0014116444698823668
0.0
-0.0011552763522632223
0.0
-0.0009504143565086807
0.0
-0.0007931984920632006
0.0
-0.0006799727146948964
0.0
-0.0006072400601677935
0.0
-0.000571629407083877
